-0.43750375959838955
-0.3415807495764637
0.6820203585209511
0.29921369655032526
1.7664508005578796
-0.3405626164626936
1.9495269246414848
-0.06081465875303897
0.04439503617231368
0.10648442250531147
-1.0183323237076607
1.531376997053992
-0.35266499978401006
0.5341659148718854
-0.3192118663952517
-0.5248501795307663
-0.48203447174531655
-1.0492173653363797
0.8317346845537489
-0.5777173630006883
-1.8722139927559718
0.36720366970964863
0.8604282781768193
-0.45487539963655177
-1.272762342915239
0.1288348944017403
0.5446505473166746
0.9404546179575003
-1.6320899936226667
0.4029029115489642
0.6799693824268488
-0.23395309204244719
-0.6130781090068923
0.3778074050345001
-0.5697894308818888
-0.27759679599847104
-0.9260437149570314
1.649039816782987
1.2284335481734956
-0.1496640211336132
-0.47201482194263367
0.892352091991675
-2.2863281595293565
-0.5411197694912787
1.5917031780047934
1.1798966444709589
-2.2234307075344955
0.3360399931231097
1.021098032850433
0.3574454384750819
-0.025462420933347284
-1.0888531845698153
0.7385355262403673
1.4851850222056688
-0.09396402538654311
1.0197836829650437
-0.9628077700684438
-1.2610541811759757
-0.38519707827900806
0.8426224642359311
-0.8982312987607708
1.3653737222251179
0.46214538019731854
0.1379572282456124
0.4348890073874717
1.3452430580696557
0.37647925312112296
-0.05904967879672404
-1.6275417001572825
0.6716884212023229
-0.33027452366663695
0.3412153244420925
1.0946842859799706
-1.0934195611519772
0.21946766469955578
1.5584266533024547
0.30179070546303816
2.053043739219224
0.16685645865145338
1.0669567168095966
0.09451580581635215
-0.1700505109585371
0.041704895112731115
-0.7180868177417564
0.05563416111903578
0.38075504148577954
-0.5491301152905691
0.9703385167317434
0.5747203189608284
0.3791023138596494
0.5705604607962916
1.8158854164737834
0.2928775367811757
0.49034770130504246
1.3289874903794943
0.022853950258731288
-0.4186507214630836
2.087712753987153
-0.2590566006356658
-1.285739903342801
-0.8454533086784304
-0.13969022090911495
0.4053624051104823
1.3815268307303503
-0.24207791405332152
0.21727841526449707
0.47737172211552364
0.8237414906483546
0.06553614729207016
-0.16590315159589664
-0.6014523970495632
0.7972302703863405
-0.04560746832096172
-0.9415980639053747
0.7454523631049794
0.00584608251001821
-0.03768796703717573
-0.4357136668556934
-1.6391966472178656
1.142405911873633
0.13272188156031892
0.5685289121921648
-0.6961695500572764
-1.4131467887444351
-0.38266480781091244
-0.4391874993921155
-0.3138998710674871
1.5226820560874343
-0.5691176517511641
0.7574275748458187
0.3214745932921394
1.4271829045111772
0.46300290642740516
-2.110080701182757
-1.1944979216443656
0.07361804567816858
-2.3436558150157274
-0.296083362728783
-0.8031375558434949
-1.1110865995572572
1.017325446323041
-0.17829396336733258
-1.5562919534232151
2.0182714350636424
0.059654052254084655
-1.016618212422543
0.8132414672608839
0.431674462853992
1.1554898819111474
-0.05925963150803768
-1.927803742136884
0.5683041094361689
-0.2768632722661457
-0.31372669150633914
1.413350491128248
0.45403507791875436
-0.5951378629670483
0.3326751515761729
-0.6426011625972826
-0.05417517200817305
1.0778109782679877
0.936591126077434
0.6584694806217466
0.15087787174008013
0.030218614047620152
1.650281240604603
-0.5552667932915402
-1.286924403181336
-1.092674633809625
-0.16721098850595217
-0.8278399235552425
0.31401456537491457
0.0879021644521215
1.6553407626991625
0.17511303688085633
0.1670014843529094
0.2992239041050439
-0.3928516010486778
-0.3716248304439786
0.14509953148884192
0.32742777878302726
-1.2875159085017953
0.36178740051714564
0.9051170739729504
0.33176959818015983
-0.9148817669036331
1.2902922775895649
2.2342357469787566
0.12004344320625096
0.14896917504991788
-0.2991272799874149
-0.878382832045815
1.5077231042268986
0.022344854261957165
2.3694337288539145
1.0395475930434526
-1.3741418399924772
-1.2615780991087595
0.40954161192287697
2.2864903591772245
